{"nbformat":4,"nbformat_minor":0,"metadata":{"colab":{"name":"Assignment Solution - NumPy Operations.ipynb","provenance":[{"file_id":"1FIDlZEXpQ_Ng5jeFnHZD3-6YYbv8o7SD","timestamp":1643291773677},{"file_id":"10X0exMyOHMA9_tuTcKmc1MgLS71ZuPPI","timestamp":1603712037019}],"collapsed_sections":[]},"kernelspec":{"name":"python3","display_name":"Python 3"}},"cells":[{"cell_type":"markdown","metadata":{"id":"MKXTc2Tas23T"},"source":["# <u> Use only those concepts which have been taught till now </u>"]},{"cell_type":"code","metadata":{"id":"0V3Xtuh9siNn","executionInfo":{"status":"ok","timestamp":1643293115524,"user_tz":-330,"elapsed":6,"user":{"displayName":"Mohankumar MC","photoUrl":"https://lh3.googleusercontent.com/a-/AOh14GgPfz6Ho4O02Pl8I-xDhlqT3JRNCp4TPdA4Fw6h=s64","userId":"05330125411983278353"}}},"source":["import numpy as np"],"execution_count":1,"outputs":[]},{"cell_type":"markdown","metadata":{"id":"Ase3qjp9cJUC"},"source":["# <u>**Problem 1**</u>\n","\n","### What is the average value of the first 5 rows of the third and fourth columns?\n","\n"]},{"cell_type":"code","metadata":{"id":"xj0SaK7smcPu","executionInfo":{"status":"ok","timestamp":1643293136177,"user_tz":-330,"elapsed":402,"user":{"displayName":"Mohankumar MC","photoUrl":"https://lh3.googleusercontent.com/a-/AOh14GgPfz6Ho4O02Pl8I-xDhlqT3JRNCp4TPdA4Fw6h=s64","userId":"05330125411983278353"}},"outputId":"c03b0898-b987-41b9-e296-a65e8040835b","colab":{"base_uri":"https://localhost:8080/"}},"source":["np.random.seed(21) # This guarantees the code will generate the same set of random numbers whenever executed\n","random_integers = np.random.randint(1,high=500000, size=(20, 5))\n","random_integers"],"execution_count":2,"outputs":[{"output_type":"execute_result","data":{"text/plain":["array([[ 80842, 333008, 202553, 140037,  81969],\n","       [ 63857,  42105, 261540, 481981, 176739],\n","       [489984, 326386, 110795, 394863,  25024],\n","       [ 38317,  49982, 408830, 485118,  16119],\n","       [407675, 231729, 265455, 109413, 103399],\n","       [174677, 343356, 301717, 224120, 401101],\n","       [140473, 254634, 112262,  25063, 108262],\n","       [375059, 406983, 208947, 115641, 296685],\n","       [444899, 129585, 171318, 313094, 425041],\n","       [188411, 335140, 141681,  59641, 211420],\n","       [287650,   8973, 477425, 382803, 465168],\n","       [  3975,  32213, 160603, 275485, 388234],\n","       [246225,  56174, 244097,   9350, 496966],\n","       [225516, 273338,  73335, 283013, 212813],\n","       [ 38175, 282399, 318413, 337639, 379802],\n","       [198049, 101115, 419547, 260219, 325793],\n","       [148593, 425024, 348570, 117968, 107007],\n","       [ 52547, 180346, 178760, 305186, 262153],\n","       [ 11835, 449971, 494184, 472031, 353049],\n","       [476442,  35455, 191553, 384154,  29917]])"]},"metadata":{},"execution_count":2}]},{"cell_type":"code","metadata":{"id":"N1hhYCZw3V1c","colab":{"base_uri":"https://localhost:8080/"},"executionInfo":{"status":"ok","timestamp":1643293257456,"user_tz":-330,"elapsed":9,"user":{"displayName":"Mohankumar MC","photoUrl":"https://lh3.googleusercontent.com/a-/AOh14GgPfz6Ho4O02Pl8I-xDhlqT3JRNCp4TPdA4Fw6h=s64","userId":"05330125411983278353"}},"outputId":"d41a1f68-4681-4349-ffb4-7cc62baa2f59"},"source":["# Your code here\n","np.mean(random_integers[0:5,2:4],axis=0)"],"execution_count":5,"outputs":[{"output_type":"execute_result","data":{"text/plain":["array([249834.6, 322282.4])"]},"metadata":{},"execution_count":5}]},{"cell_type":"markdown","metadata":{"id":"POAj5sBgd3gd"},"source":["#<u>**Problem 2**</u>\n","\n","### In this problem, we are going to calculate distances between some pairs of points :\n","\n","### <u> Measures of distances </u>\n","* ### Euclidean Distance : The distance between two points $(x_{1},y_{1})$ , $(x_{2},y_{2})$ is defined as :\n","${\\displaystyle d(x,y)={\\sqrt {(x_{1}-x_{2})^{2}+(y_{1}-y_{2})^{2}}}.}$\n","\n","* ### Manhattan Distance : The distance between two points $(x_{1},y_{1})$ , $(x_{2},y_{2})$ is defined as :\n","${\\displaystyle d(x,y)=|x_{1}-x_{2}|+|y_{1}-y_{2}|}$\n"]},{"cell_type":"markdown","metadata":{"id":"lw7TLsfd-eXc"},"source":["### Create a 2-D array of 10 points where the x-coordinates and the y-coordinates can take random integral values between 5 and 20.\n","\n","\n","### Next, create two 1-D arrays(one for  Euclidean distance and the other for  Manhattan distance) for these points\n"]},{"cell_type":"code","metadata":{"id":"TOEq4PEP5y8X","colab":{"base_uri":"https://localhost:8080/"},"executionInfo":{"status":"ok","timestamp":1643293743637,"user_tz":-330,"elapsed":488,"user":{"displayName":"Mohankumar MC","photoUrl":"https://lh3.googleusercontent.com/a-/AOh14GgPfz6Ho4O02Pl8I-xDhlqT3JRNCp4TPdA4Fw6h=s64","userId":"05330125411983278353"}},"outputId":"e08d19fa-3d82-4bff-c4bd-4914b7a74e5f"},"source":["# Create the 10 points\n","points = np.random.randint(5,20,size=(10,2))\n","points"],"execution_count":10,"outputs":[{"output_type":"execute_result","data":{"text/plain":["array([[18, 11],\n","       [10, 12],\n","       [10,  9],\n","       [11, 18],\n","       [ 6, 14],\n","       [18, 16],\n","       [ 6, 17],\n","       [ 8, 19],\n","       [11, 19],\n","       [17, 13]])"]},"metadata":{},"execution_count":10}]},{"cell_type":"code","metadata":{"id":"n86qvsfF6PO2","colab":{"base_uri":"https://localhost:8080/"},"executionInfo":{"status":"ok","timestamp":1643293756773,"user_tz":-330,"elapsed":384,"user":{"displayName":"Mohankumar MC","photoUrl":"https://lh3.googleusercontent.com/a-/AOh14GgPfz6Ho4O02Pl8I-xDhlqT3JRNCp4TPdA4Fw6h=s64","userId":"05330125411983278353"}},"outputId":"9b589108-6746-466f-a848-85ea32b86648"},"source":["# Calculate Euclidean distances between these pairs of points (total 10*10 = 100 pairs including self pairs). This should give you a 10*10 2-D array where each value corresponds to the distance between a pair\n","\n","Euclidean_distances = np.array([])\n","\n","for x1,y1 in points:\n","  for x2,y2 in points:\n","    Euclidean_distances = np.append(Euclidean_distances,np.sqrt(((x1-x2)**2)+((y1-y2)**2)))\n","\n","Euclidean_distances  = Euclidean_distances.reshape(10,10)\n","Euclidean_distances\n"],"execution_count":11,"outputs":[{"output_type":"execute_result","data":{"text/plain":["array([[ 0.        ,  8.06225775,  8.24621125,  9.89949494, 12.36931688,\n","         5.        , 13.41640786, 12.80624847, 10.63014581,  2.23606798],\n","       [ 8.06225775,  0.        ,  3.        ,  6.08276253,  4.47213595,\n","         8.94427191,  6.40312424,  7.28010989,  7.07106781,  7.07106781],\n","       [ 8.24621125,  3.        ,  0.        ,  9.05538514,  6.40312424,\n","        10.63014581,  8.94427191, 10.19803903, 10.04987562,  8.06225775],\n","       [ 9.89949494,  6.08276253,  9.05538514,  0.        ,  6.40312424,\n","         7.28010989,  5.09901951,  3.16227766,  1.        ,  7.81024968],\n","       [12.36931688,  4.47213595,  6.40312424,  6.40312424,  0.        ,\n","        12.16552506,  3.        ,  5.38516481,  7.07106781, 11.04536102],\n","       [ 5.        ,  8.94427191, 10.63014581,  7.28010989, 12.16552506,\n","         0.        , 12.04159458, 10.44030651,  7.61577311,  3.16227766],\n","       [13.41640786,  6.40312424,  8.94427191,  5.09901951,  3.        ,\n","        12.04159458,  0.        ,  2.82842712,  5.38516481, 11.70469991],\n","       [12.80624847,  7.28010989, 10.19803903,  3.16227766,  5.38516481,\n","        10.44030651,  2.82842712,  0.        ,  3.        , 10.81665383],\n","       [10.63014581,  7.07106781, 10.04987562,  1.        ,  7.07106781,\n","         7.61577311,  5.38516481,  3.        ,  0.        ,  8.48528137],\n","       [ 2.23606798,  7.07106781,  8.06225775,  7.81024968, 11.04536102,\n","         3.16227766, 11.70469991, 10.81665383,  8.48528137,  0.        ]])"]},"metadata":{},"execution_count":11}]},{"cell_type":"code","metadata":{"id":"-FIU9Wp97V3P","colab":{"base_uri":"https://localhost:8080/"},"executionInfo":{"status":"ok","timestamp":1643293898500,"user_tz":-330,"elapsed":369,"user":{"displayName":"Mohankumar MC","photoUrl":"https://lh3.googleusercontent.com/a-/AOh14GgPfz6Ho4O02Pl8I-xDhlqT3JRNCp4TPdA4Fw6h=s64","userId":"05330125411983278353"}},"outputId":"1119bcf0-1847-4457-8344-348fd0b6cb0a"},"source":["# Calculate Manhattan distances between these pairs of points (total 10*10 = 100 pairs inlcuding self pairs).This should give you a 10*10 2-D array where each value corresponds to the distance between a pair.\n","\n","Manhattan_distances = np.array([])\n","\n","for x1,y1 in points:\n","  for x2,y2 in points:\n","    Manhattan_distances = np.append(Manhattan_distances,np.add(abs(x1-x2),abs(y1-y2)))\n","\n","Manhattan_distances  = Manhattan_distances.reshape(10,10)\n","Manhattan_distances"],"execution_count":14,"outputs":[{"output_type":"execute_result","data":{"text/plain":["array([[ 0.,  9., 10., 14., 15.,  5., 18., 18., 15.,  3.],\n","       [ 9.,  0.,  3.,  7.,  6., 12.,  9.,  9.,  8.,  8.],\n","       [10.,  3.,  0., 10.,  9., 15., 12., 12., 11., 11.],\n","       [14.,  7., 10.,  0.,  9.,  9.,  6.,  4.,  1., 11.],\n","       [15.,  6.,  9.,  9.,  0., 14.,  3.,  7., 10., 12.],\n","       [ 5., 12., 15.,  9., 14.,  0., 13., 13., 10.,  4.],\n","       [18.,  9., 12.,  6.,  3., 13.,  0.,  4.,  7., 15.],\n","       [18.,  9., 12.,  4.,  7., 13.,  4.,  0.,  3., 15.],\n","       [15.,  8., 11.,  1., 10., 10.,  7.,  3.,  0., 12.],\n","       [ 3.,  8., 11., 11., 12.,  4., 15., 15., 12.,  0.]])"]},"metadata":{},"execution_count":14}]},{"cell_type":"markdown","metadata":{"id":"5ZaKtQlZBLoQ"},"source":["## Find the closest pairs (excluding self pairs) on the basis of both the distance measures"]},{"cell_type":"code","metadata":{"id":"AeKJGamV6qnu","colab":{"base_uri":"https://localhost:8080/"},"executionInfo":{"status":"ok","timestamp":1643293903283,"user_tz":-330,"elapsed":404,"user":{"displayName":"Mohankumar MC","photoUrl":"https://lh3.googleusercontent.com/a-/AOh14GgPfz6Ho4O02Pl8I-xDhlqT3JRNCp4TPdA4Fw6h=s64","userId":"05330125411983278353"}},"outputId":"22ff3189-6772-49ab-d6d2-e31d3b9338f6"},"source":["# Your code here\n","difference  = abs(Euclidean_distances - Manhattan_distances)\n","print(difference)\n","a = np.where(difference == 0)\n","print(len(a[0]))"],"execution_count":15,"outputs":[{"output_type":"stream","name":"stdout","text":["[[0.         0.93774225 1.75378875 4.10050506 2.63068312 0.\n","  4.58359214 5.19375153 4.36985419 0.76393202]\n"," [0.93774225 0.         0.         0.91723747 1.52786405 3.05572809\n","  2.59687576 1.71989011 0.92893219 0.92893219]\n"," [1.75378875 0.         0.         0.94461486 2.59687576 4.36985419\n","  3.05572809 1.80196097 0.95012438 2.93774225]\n"," [4.10050506 0.91723747 0.94461486 0.         2.59687576 1.71989011\n","  0.90098049 0.83772234 0.         3.18975032]\n"," [2.63068312 1.52786405 2.59687576 2.59687576 0.         1.83447494\n","  0.         1.61483519 2.92893219 0.95463898]\n"," [0.         3.05572809 4.36985419 1.71989011 1.83447494 0.\n","  0.95840542 2.55969349 2.38422689 0.83772234]\n"," [4.58359214 2.59687576 3.05572809 0.90098049 0.         0.95840542\n","  0.         1.17157288 1.61483519 3.29530009]\n"," [5.19375153 1.71989011 1.80196097 0.83772234 1.61483519 2.55969349\n","  1.17157288 0.         0.         4.18334617]\n"," [4.36985419 0.92893219 0.95012438 0.         2.92893219 2.38422689\n","  1.61483519 0.         0.         3.51471863]\n"," [0.76393202 0.92893219 2.93774225 3.18975032 0.95463898 0.83772234\n","  3.29530009 4.18334617 3.51471863 0.        ]]\n","20\n"]}]},{"cell_type":"markdown","metadata":{"id":"rnEIpxdzfIhF"},"source":["# <u>**Problem 3**</u>\n","\n","## Extract all the contiguous 3x3 blocks from a random 10x10 matrix. For example, the first matrix corresponds to [:3,:3], then the second matrix corresponds to [:3,1:4],.... Once you have covered the first three rows, then the next set of matrices would be [1:4,:3],[1:4,1:4],.... and so on and so forth. The last matrix would be [7:10,7:10]"]},{"cell_type":"code","metadata":{"id":"NuQh8LLBma-0"},"source":["# Your code below ..\n","\n","\n","\n","\n","\n","\n","\n","\n"],"execution_count":null,"outputs":[]},{"cell_type":"markdown","metadata":{"id":"UtGDDH9Qq_2M"},"source":["#<u>**Problem 4**</u>\n","\n","### Write a function which finds the nearest value from a given value in an array of random N elements. Suppose you created an 1-D array with 15 elements taking values between 10 and 500. Your function would take any input from these values and return the nearest value. (You can use np.abs() function)"]},{"cell_type":"code","metadata":{"id":"oknMAmKWFNSX"},"source":["# Your function below\n","\n","\n","\n"],"execution_count":null,"outputs":[]}]}